36 30
31 42
44 42
37 55
24 51
28 67
18 61
57 41
49 31
51 63
64 60
60 51
77 60
85 71
66 73
102 71
117 72
119 60
118 49
109 41
96 40
103 36
88 56
79 47
87 39
99 56
108 62
109 54
126 117
120 123
127 129
121 142
116 155
124 157
124 167
115 164
119 177
111 174
127 187
116 195
40 221
30 220
34 209
38 199
34 186
29 195
11 190
23 192
44 186
56 190
56 201
74 181
71 194
68 90
71 102
53 105
32 106
23 111
34 118
23 124
36 94
50 90
43 99
63 116
59 127
48 132
51 143
43 152
62 138
61 147
57 157
71 158
81 150
72 142
77 133
29 171
76 120
84 115