67 206
82 211
87 195
73 194
78 179
89 166
74 159
83 150
94 141
75 140
64 145
54 153
56 171
57 183
60 195
65 179
72 171
65 163
91 178
97 151
103 131
106 142
85 128
98 120
93 114
81 117
65 117
73 110
80 99
103 110
95 100
86 90
57 129
70 129
53 141
116 102
116 87
105 95
101 81
123 63
114 54
114 39
100 38
105 48
92 49
94 64
126 93
133 103
134 90
133 72
128 48
122 30
125 2
112 6
97 8
84 5
77 22
76 37
63 27
61 16
73 10
50 18
47 28
40 24
46 11
50 3
57 36
45 42
39 37
34 47
61 48
73 51
51 53
40 58
61 63
31 69
32 86
46 86
57 91
49 99
37 98
32 103
27 95
25 83
57 78
55 114