61 19
80 17
87 32
77 34
63 31
50 39
63 41
78 49
59 48
50 55
67 59
80 60
102 60
89 74
105 82
89 90
112 107
122 117
62 88
68 75
56 66
40 66
26 62
28 75
37 85
51 78
49 92
67 104
52 106
78 107
90 103
43 101
46 119
64 115
122 133
112 134
101 129
85 121
74 133
58 131
40 136
32 148
43 165
53 152
70 145
85 144
100 142
121 148
110 176
109 188
98 178
88 173
79 183
74 172
62 174
65 184
51 178
85 163
98 163
111 164
105 154
58 208
71 199
85 192
97 204
84 210
102 216
63 224
75 225
93 228
101 237
109 223
111 243
96 253
88 243
73 247
64 259
81 263
97 264
108 266
110 256
104 280
115 291
93 289
94 307
109 308
85 278