53 305
63 298
54 281
31 280
21 288
8 276
19 268
16 253
32 244
37 256
43 267
57 264
76 275
65 248
81 259
92 247
95 233
117 228
123 241
81 210
51 218
32 223
15 234
10 218
22 208
7 198
40 205
27 192
10 180
13 166
30 172
64 193
75 183
88 192
101 192
124 185
88 167
110 163
87 150
69 166
70 148
48 140
32 153
55 156
48 159
22 146
20 124
38 135
47 124
35 119
61 128
80 133
76 106
93 106
79 117
97 124
103 137
131 134
56 87
55 73
44 62
32 57
40 78
12 68
21 97
21 80
3 82
5 101
5 127
4 117
18 112
15 138
93 221
48 240
57 208
52 188
38 182
43 104
60 110
76 85
72 64
56 39
61 177
129 203