22 36
38 21
62 10
78 22
100 36
113 47
53 35
70 46
110 69
91 74
57 65
36 51
23 63
44 67
64 80
55 77
40 80
49 90
67 99
88 105
104 105
104 91
117 114
116 129
101 125
84 131
67 114
48 108
31 102
11 111
8 133
12 148
26 139
45 130
66 134
60 151
91 146
104 145
140 136
153 133
156 151
162 155
157 170
147 155
147 181
36 160
29 180
45 185
70 175
89 160
110 163
92 177
112 185
129 176
132 195
150 201
158 213
151 223
132 216
109 208
98 197
80 196
52 200
46 209
61 211
76 210
72 226
85 221
99 233
86 237
112 230
112 246
135 241
151 238