110 10
97 24
109 45
79 41
90 59
91 74
93 92
112 88
55 79
67 91
70 64
48 97
25 105
3 100
11 130
5 160
12 196
18 218
26 208
29 190
47 194
68 178
47 149
42 128
70 133
61 115
84 110
111 109
96 127
122 130
116 152
88 158
112 179
87 197
117 204
100 225
73 222
69 201
50 216
31 235
14 247
37 280
32 259
18 288
61 245
60 268
91 245
112 247
86 272
107 271
97 293
116 290
65 291
33 307
59 316
78 314
99 318
44 328
76 334
100 338
119 338
109 361
86 353
62 351
45 350
39 369
54 372
81 378
101 385
39 391
60 394
82 405
101 411
34 417
54 414
58 433
43 439
79 433
104 442
104 469
85 478
84 494
61 480
71 458
50 459