56 62
77 64
123 66
133 78
110 70
151 82
192 101
178 96
209 67
210 103
186 115
200 123
175 108
164 99
155 106
168 120
180 131
113 90
136 98
135 119
122 83
94 84
98 101
76 87
61 80
48 77
49 99
56 114
42 121
51 129
43 142
53 149
67 162
70 128
81 148
66 143
87 121
82 107
64 98
115 118
100 111
124 135
129 152
111 154
100 136
152 139
146 128
156 123
165 138
173 145
185 149
173 158
160 153
143 158
141 170
154 169
172 173
188 174
176 193
159 189
145 182
131 183
112 185
94 161
81 171
54 174
64 194
87 184
91 206
104 217
123 221
117 202
141 205
152 209
161 225
165 211
167 240
151 250
141 231
117 236
76 203