18 56
26 45
34 47
25 60
33 57
42 59
26 77
36 80
39 71
13 81
4 82
8 102
17 102
20 89
27 86
15 69
3 119
11 116
18 111
8 128
5 141
19 134
4 159
16 153
24 145
26 156
17 166
5 171
14 179
5 183
8 206
14 196
22 192
36 206
23 206
15 210
8 230
15 220
25 229
19 237
45 169
49 189
68 193
55 207
84 201
64 221
77 220
89 225
40 236
55 229
63 240
77 238
82 252
71 253
64 262
82 266
97 275
84 278
108 267
116 273
109 255
93 258
97 246
115 244
103 233
104 217
105 205
121 205
99 188
114 176
109 162
123 168
119 143
122 124
113 90
108 30
120 38
121 49
124 84