30 32
54 34
52 19
64 15
74 31
92 20
103 31
115 38
124 29
119 53
95 45
77 50
76 72
58 63
32 63
52 79
39 96
69 90
91 68
108 68
112 83
95 87
106 108
126 97
123 120
106 127
94 136
69 127
84 108
64 104
46 117
18 117
6 113
25 106
26 124
34 141
17 140
9 134
17 157
4 170
14 184
25 170
51 157
73 148
96 151
108 164
98 176
117 176
108 185
125 184
113 203
101 196
96 211
82 203
77 185
80 173
55 175
44 191
45 182
49 206
26 201
43 227
36 244
59 217
78 220
101 225
112 232
93 242
106 252
73 238
57 249
78 257
96 267
76 277
111 269
116 144