28 8
25 28
42 14
52 30
73 15
90 28
106 15
120 6
115 37
133 15
138 33
155 17
176 6
184 29
184 18
194 24
168 27
160 45
148 60
136 56
117 56
118 75
125 88
97 80
101 52
85 48
73 56
84 67
54 61
44 51
32 67
20 81
4 92
4 71
28 102
7 113
46 87
69 85
105 97
89 107
85 90
103 116
71 105
72 122
49 106
50 122
32 127
11 126
30 141
54 143
76 146
81 131
94 141
91 160
74 170
61 161
43 157
29 155
18 147
27 177
52 177
68 187
83 181
82 199
66 202
47 194
14 187
26 193
31 210
17 205
51 213
72 213
64 231
52 247
43 231
24 224
27 243
132 77
117 95