74 23
86 6
76 13
85 25
80 44
100 18
121 25
144 19
144 26
138 34
158 44
151 53
139 62
133 51
119 56
106 65
125 72
131 84
146 80
161 69
168 80
169 89
156 94
147 88
143 100
128 95
134 111
150 117
156 123
141 131
155 142
148 157
133 144
115 141
127 135
119 126
104 121
90 133
76 117
76 131
65 142
59 123
57 103
39 105
20 106
5 100
4 118
24 125
23 86
58 85
41 127
49 147
23 142
33 156
22 167
42 172
57 168
34 184
31 200
45 195
83 160
96 149
114 155
125 160
135 177
118 181
103 169
79 179
61 184
74 200
61 212
45 210
37 220
52 225
40 244
55 249
68 243
58 261
76 256
5 232
90 231
85 215
71 226
98 217
106 201
93 197
99 183
119 42