118 1652
209 1668
36 1597
59 1695
100 1529
156 1579
234 1584
286 1584
279 1509
197 1513
90 1424
202 1434
277 1386
181 1347
90 1315
118 1222
279 1259
361 1340
329 1418
402 1274
350 1236
322 1184
236 1186
131 1081
125 979
216 949
282 1013
354 1099
425 1120
418 1188
418 1054
359 1031
388 970
473 956
411 870
382 822
493 861
236 1106
627 702
641 581
675 627
636 509
543 268
589 209
486 136
425 143
484 202
348 247
345 115
272 81
191 263
102 377
100 504
186 456
111 602
175 547
113 711
102 786
129 886
100 224