15 146
16 127
38 117
47 82
58 105
72 75
92 69
104 54
110 71
124 28
161 38
190 21
171 22
215 52
200 71
145 42
137 51
140 71
177 68
150 95
167 98
126 104
101 99
93 120
63 136
50 165
44 149
31 172
25 191
38 182
48 194
51 211
32 238
23 261
15 274
35 285
46 303
74 313
103 314
64 300
91 292
127 292
65 283
89 270
113 270
138 267
143 245
124 240
100 240
76 255
57 235
79 221
83 199
84 180
100 215
130 218
162 223
171 195
150 197
114 189
99 161
138 166
154 134
120 131
153 118
181 138
190 116
213 140
189 173
213 167
208 195
234 157
218 82
220 110
76 160