242 948
270 850
338 911
387 873
421 798
339 785
421 693
333 647
296 712
205 770
192 860
228 651
268 565
199 583
372 561
327 481
254 414
208 475
162 365
277 324
219 224
136 253
291 125
323 228
384 216
391 150
463 178
454 272
376 316
433 380
509 468
427 498
560 366
620 297
567 209
568 94
647 169
717 288
830 247
809 337
811 425
714 393
594 431
714 494
656 515
593 596
540 533
484 567
548 680
526 618
702 647
678 582
631 663
774 569
868 618
793 693
873 686
842 747
840 817
732 821
639 791
544 764
643 859
729 886
805 856
584 890
522 844
297 988
365 412
468 617
853 335
881 404
854 487
899 510
746 724
591 821