155 308
162 291
184 298
192 286
199 310
224 299
254 297
256 275
264 253
221 249
230 279
214 268
253 219
274 199
265 233
233 230
206 222
224 201
178 212
166 183
193 174
223 170
197 143
207 124
175 137
169 160
143 165
137 190
114 179
121 150
94 157
76 137
59 159
31 154
48 133
56 113
77 119
96 108
103 131
117 113
142 121
155 143
164 119
183 111
239 163
29 127
129 86
152 88
134 58
122 72
103 66
115 51
98 86
78 60
89 39
246 85
208 63
219 93
196 83
188 97
210 108
173 93
183 73
228 42
230 8
257 123
236 134
275 146
278 125
291 167
269 169
252 154
255 184
294 187
287 208
282 222
243 252
250 104
269 44
278 26
267 8
103 194
204 298