14 28
34 30
31 15
93 17
108 23
106 9
118 10
124 18
125 30
117 35
124 41
115 48
97 43
106 35
81 40
64 41
53 31
66 22
44 51
51 42
27 48
15 47
33 62
48 69
59 55
78 56
98 58
41 79
63 71
81 67
87 73
108 73
113 67
121 70
120 79
119 83
113 91
99 93
76 86
55 89
45 106
56 111
64 100
82 105
97 108
112 104
125 100
122 110
123 119
126 134
113 137
107 118
95 130
89 118
78 125
69 112
57 122
69 136
46 137
56 144
86 144
98 147
113 157
98 162
109 176
79 156
60 157
46 157
50 177
67 173
83 174
93 188
101 195
110 199
117 202
118 209
125 213
125 200
124 173
125 229
125 250
118 243
123 264
113 270
96 266
85 259
76 274
63 259
54 270
76 240
95 246
108 232
88 223
71 220
83 207
101 212
71 188
58 199
50 217
57 237
49 246
42 233
45 202
42 188
33 197
24 195
40 164
19 221
8 216
12 200
16 234
27 236
31 248
35 262
16 249
19 264
12 270