3 23
3 2
2 54
2 84
1 128
41 25
33 14
49 6
62 19
78 25
94 20
109 7
106 25
108 37
120 51
124 63
126 82
109 69
95 58
71 61
57 40
44 46
21 40
24 22
9 63
34 62
24 76
18 63
51 66
63 78
36 90
15 86
16 103
17 119
35 118
49 103
61 91
78 93
89 77
96 98
117 103
133 94
138 107
141 130
142 150
126 165
127 183
122 191
132 240
135 234
136 227
136 220
147 183
149 197
145 208
120 127
122 143
103 123
82 115
70 106
63 100
61 121
53 132
72 133
84 131
88 159
84 145
66 145
36 138
23 146
15 134
3 143
2 160
13 152
34 164
56 160
47 144
72 166
80 178
82 196
68 192
55 179
40 186
24 186
11 186
17 171
3 193
14 209
24 203
41 208
61 211
49 198
73 208
65 224
58 240
74 219
49 220
31 219
24 233
6 225
5 239
20 246
44 234
38 244
40 251
53 252
27 252