2 22
17 28
35 13
73 10
58 11
69 19
88 14
103 17
122 21
112 40
96 36
79 38
53 42
34 39
18 53
29 60
46 61
70 59
101 55
115 59
121 68
112 70
110 82
101 70
84 69
72 90
92 89
55 77
37 84
22 75
11 69
3 38
3 53
2 74
8 89
24 100
46 102
58 113
76 120
84 105
96 114
101 104
110 118
124 91
124 104
123 125
113 142
107 129
122 164
125 149
111 156
112 164
124 184
114 185
124 202
121 211
125 175
124 223
118 223
119 233
124 241
38 245
50 244
55 234
49 225
35 231
20 238
18 225
35 214
12 204
27 202
31 187
5 170
14 185
16 161
9 145
7 128
9 114
31 124
18 128
20 140
36 144
51 130
72 132
56 154
74 152
88 151
89 128
96 135
79 167
61 166
68 178
81 184
80 198
67 193
51 180
35 171
43 158
53 91
63 103
44 197
55 205
69 210
63 219