38 3
55 2
59 13
74 21
85 20
94 29
41 16
33 14
27 31
13 43
34 42
53 35
49 23
71 29
74 35
87 34
101 43
92 46
76 49
56 51
40 58
28 63
17 57
13 78
21 95
4 90
6 102
24 115
39 103
38 80
55 69
70 69
92 60
112 65
128 72
59 93
87 82
102 76
116 84
129 92
104 98
76 103
53 105
53 121
69 133
85 130
96 112
95 117
117 112
133 109
123 128
131 119
110 128
99 143
111 137
80 152
66 152
47 149
37 129
10 129
11 120
21 131
2 131
10 137
1 144
8 152
18 146
30 146
35 162
23 165
31 177
50 175
62 168
75 166
91 163
106 156
108 168
98 178
75 174
82 183
63 188
42 194
66 176
28 201
50 215
70 212
97 194
107 190
111 203
91 212
86 230
64 229
78 243
101 242
107 225
121 216
121 237
120 251
87 254