74 76
171 127
212 76
315 121
353 151
321 199
264 147
76 161
26 125
155 221
252 223
250 288
335 276
394 328
454 383
464 280
537 248
460 201
480 161
539 346
541 445
472 496
297 357
412 425
383 470
337 502
240 500
232 411
175 326
74 282
52 377
105 334
129 381
145 470
222 580
173 526
153 607
56 522
72 599
323 605
398 556
517 564
527 639
414 643
474 613
420 748
480 750
531 756
268 712
185 691
123 679
48 683
86 736
169 766
230 768
327 776
406 812
456 841
507 865
369 855
404 907
280 867
210 847
131 857
185 944
256 954
349 938
305 1020
355 992
363 1069
214 1024
147 1022
94 982
32 1022
64 1119
113 1095
191 1093
242 1129
307 1107
355 1105
246 1178
167 1188
212 1206
143 1246
88 1218
66 1301
161 1280
153 1369
113 1351
60 1418
145 1504
44 1504
26 1351
365 375
331 407
14 1295
22 1242
127 1141