391 1141
462 1066
489 1141
435 1191
379 1074
500 980
430 996
369 971
345 1025
291 1062
526 1054
527 916
428 875
435 795
380 741
307 745
351 809
313 939
231 824
263 889
241 927
167 900
271 1001
227 1070
195 991
115 1007
167 1092
76 1097
158 1162
212 1133
39 1173
99 1191
103 891
63 808
139 820
15 860
92 959
41 972
41 910
27 749
62 673
187 616
142 665
244 662
244 734
183 749
12 632
68 613
382 650
449 630
435 720
414 570
311 600
287 547
212 525
246 587
119 491
73 440
118 346
148 407
78 292
57 360
30 410
12 367
49 501
60 557
158 535
124 571
561 467
587 538
479 491
638 459
596 397
510 397
571 338
467 325
435 404
401 298
340 241
311 311
334 367
262 269
238 354
113 228
203 472
371 506
332 450
297 397
366 399
475 558
387 916