229 387
214 391
218 361
246 347
242 330
260 324
247 305
213 331
222 304
228 280
194 305
176 297
181 282
198 289
203 265
227 262
161 272
158 258
179 256
161 237
175 221
199 237
227 232
236 249
208 222
216 203
193 197
153 225
147 208
160 193
153 166
145 183
181 171
237 186
246 174
199 178
218 170
196 151
217 145
235 147
247 148
262 140
283 121
296 130
276 134
256 117
252 89
276 91
273 78
291 71
256 67
272 59
269 36
255 38
270 13
260 4
230 23
242 10
239 52
234 73
222 78
205 82
185 98
204 116
234 118
181 130
155 111
131 131
155 134
170 142
168 87
183 65
195 51
217 46
210 30
201 21
192 18
187 29
165 61
218 62
160 41
143 59
141 38
137 20
139 4
119 13
122 3
103 21
99 36
85 45
117 36
111 56
127 78
128 105
108 115
89 122
99 139
73 129
69 107
84 100
104 94
103 73
95 58
83 68
89 81
75 26
10 66
37 46
58 48
35 66
47 81
62 77
56 101
11 115
24 112
36 99
51 122
37 139
21 145
45 153
52 140
30 170
39 162
25 204
29 157