21 111
41 141
60 120
63 141
81 123
97 84
105 60
123 61
140 39
165 45
189 9
209 15
208 35
190 56
209 60
184 74
204 77
211 97
212 120
210 142
184 120
181 102
159 87
172 137
141 135
123 125
120 149
100 143
90 161
50 157
50 178
70 171
81 181
84 198
42 198
27 212
37 224
63 221
116 207
91 225
106 228
126 228
146 216
151 196
138 181
161 167
190 181
208 168
210 210
175 211
182 231
201 226
34 277
64 275
53 293
71 294
83 286
98 270
111 284
90 297
103 314
128 295
143 275
162 289
192 287
208 297
185 312
159 322
100 338
102 357
124 348
172 345
177 331
115 376
141 387
161 374
97 387
98 367
115 406
127 428
103 425
162 414
155 446
138 480
153 495
126 500
104 477
118 456