86 28
118 15
143 15
154 32
175 52
158 66
136 80
155 98
81 94
96 46
92 67
113 72
108 99
120 123
100 127
112 153
140 144
162 142
170 122
174 98
142 167
129 188
46 109
18 127
40 132
18 146
30 163
16 183
37 189
63 191
75 168
97 169
78 143
85 132
95 113
129 213
147 184
111 214
86 198
65 221
37 209
38 232
15 231
28 251
8 250
5 278
9 299
3 314
15 355
5 386
8 406
25 401
44 385
56 412
73 392
99 385
112 420
122 392
114 364
117 338
97 343
91 312
70 305
68 333
42 316
33 343
28 327
40 274
43 292
75 278
98 288
51 240
65 251
86 247
97 229
125 235
141 243
135 269
114 257
110 275
122 287
121 313
133 327
49 357
74 364