134 26
109 30
153 15
173 20
189 41
196 60
177 70
149 52
123 61
110 55
98 43
81 59
97 72
127 83
153 89
177 88
179 104
193 121
204 142
204 123
205 166
179 141
163 121
134 103
133 125
153 144
172 171
162 194
189 202
194 175
166 218
157 243
140 229
134 212
139 193
121 200
108 176
111 143
102 118
112 96
87 98
67 58
64 83
65 117
42 93
19 89
28 120
10 119
35 145
56 153
77 136
87 151
71 177
44 174
37 163
28 169
57 206
26 206
21 190
15 222
31 231
49 229
74 229
94 242
115 221
92 201
134 254
110 266
100 290
128 280
148 268
157 268
153 283
137 300
110 313
129 330
144 320
151 347
115 359
139 375
155 362
149 395
114 393
100 414
127 405
85 400
88 383
82 359
63 364
71 337
100 337
84 318
68 300
50 320
52 344
39 296
49 274
66 253
82 272
24 257
31 275
2 284
4 262
17 280
19 297
1 306
4 328
23 318
30 339
3 357
20 345
37 362
14 374
35 384
52 362
204 209
206 188
203 14
192 3
202 73
206 55