45 17
60 6
88 7
83 19
108 23
79 36
57 33
31 43
26 70
54 62
7 72
4 94
24 92
62 85
79 61
109 62
134 73
131 57
148 98
134 96
114 89
89 88
77 110
104 109
132 117
56 110
45 98
28 120
17 143
3 142
56 133
42 146
66 151
81 133
91 150
110 133
132 141
150 142
130 159
110 168
87 182
52 172
31 168
14 161
24 184
40 186
93 197
120 201
135 179
135 200
117 221
104 228
82 220
62 206
32 203
21 223
47 224
25 217
68 237
103 245
124 237
116 255
120 269
106 270
83 258
54 259
32 246
23 263
38 271
60 275
89 280
107 289
26 290
50 300
70 291
42 313
66 313
94 314
117 314
116 327
106 336
79 347
84 329
56 329
41 329
58 348
93 43