16 108
30 121
32 136
16 141
16 159
28 175
45 163
57 148
86 154
72 165
72 140
60 179
44 194
22 206
22 228
44 217
34 241
55 238
76 239
70 212
69 192
93 185
104 164
122 165
148 162
133 184
162 182
178 178
170 163
178 127
159 121
135 119
132 142
115 147
100 117
104 135
100 86
128 79
171 88
174 63
125 52
123 31
155 27
157 47
180 39
87 209
105 199
129 206
151 199
168 199
149 218
128 231
100 233
86 233
91 254
77 261
119 253
139 261
147 243
160 238
156 266
163 252
156 286
135 283
121 273
103 278
85 282
111 296
90 303
105 320
129 308
155 310
157 328
136 329
147 345
155 352
167 324
166 301