247 74
321 51
376 54
419 84
496 103
557 198
625 295
553 313
553 253
538 362
463 300
459 187
362 140
277 124
269 190
236 172
319 215
382 253
271 247
323 292
365 349
457 379
399 404
479 437
425 461
433 506
362 516
336 433
270 351
267 304
185 323
126 334
142 229
150 158
188 188
93 175
73 233
22 292
61 354
17 415
15 359
110 408
196 396
182 447
120 497
58 478
23 555
81 564
149 558
189 510
274 535
261 442
303 491
333 576
389 623
428 595
472 596
529 580
437 654
437 702
434 750
410 805
365 814
358 753
306 770
337 719
288 697
283 630
204 597
222 681
136 654
144 727
59 690
55 627
14 621
29 714
8 688
239 757
289 844
265 805
223 838
177 793
151 844
88 796
25 787
42 860
57 922
95 893
148 916
203 889
177 951
233 957
178 988
126 965
32 1017
33 968
94 1030
166 1024
208 1031
140 1081
177 1101
180 1147
123 1169
154 1230
63 1166
47 1126
37 1080
78 1086
90 1126
482 889
524 889
588 861
483 800