43 35
21 28
18 50
22 11
43 16
75 38
95 29
58 35
65 28
57 54
63 45
39 55
26 67
43 71
59 75
73 59
89 56
115 59
100 45
89 46
80 51
117 49
96 87
82 75
76 91
91 106
109 99
123 98
132 115
119 111
106 116
123 128
130 140
114 140
105 129
74 115
53 98
36 98
44 84
29 86
39 113
54 115
64 107
68 133
28 150
7 121
18 114
29 106
14 106
4 104
41 142
59 123
57 151
49 170
61 169
31 168
14 164
17 177
10 196
32 188
51 188
64 193
73 183
77 169
79 159
69 149
79 143
91 156
103 163
119 158
132 155
140 169
125 176
108 175
95 184
96 199
107 196
127 189
144 185
140 193
152 201
143 203
126 204
134 220
105 215
114 232
128 244
149 239
160 233
58 242
68 229
68 248
52 224
40 231
42 243
27 251
11 252
3 242
15 240
26 235
22 225
11 222
35 216
49 208
65 213
80 203
82 216
158 216