13 14
38 42
6 56
57 93
6 213
41 214
69 260
169 144
195 87
146 119
256 94
283 64
282 135
283 171
211 190
248 229
285 256
314 210
339 175
352 141
325 116
373 93
353 56
391 10
392 42
396 88
433 92
422 146
470 177
521 158
390 195
451 218
424 249
375 235
349 265
385 282
386 315
435 312
483 333
489 392
479 432
421 423
443 401
401 361
334 313
357 341
323 252
351 383
323 416
265 410
176 369
133 427
172 407
203 420
78 433
109 373
41 365
11 355
73 350
104 320
149 317
47 317
212 245
246 290
250 337
103 182
136 220
20 86