135 171
256 137
298 79
336 88
371 123
418 139
411 216
323 192
249 236
334 263
382 285
428 305
336 307
404 353
238 325
86 279
66 225
53 249
31 309
60 329
96 341
125 370
138 309
32 389
75 412
134 437
209 397
285 448
348 468
400 433
416 516
414 646
413 804
422 726
377 742
378 681
367 779
386 853
410 917
376 610
370 555
301 552
214 496
102 510
142 555
206 634
294 649
320 710
265 723
240 790
173 789
177 724
84 713
123 659
87 606
42 596
24 675
100 782
82 808
167 837
276 829
316 810
358 819
327 745
292 771
199 947
281 912
321 876
365 906
207 852
335 966
256 985
200 1024
291 1039
249 1072
250 1126
317 1110
331 1164
388 1098
375 993
380 1030