54 62
116 27
160 60
242 19
299 64
261 107
258 186
157 215
128 147
66 145
15 193
107 252
55 275
24 308
28 370
89 347
178 335
264 380
326 340
333 246
406 283
381 387
391 437
385 198
315 144
346 91
352 132
348 172
348 505
406 522
397 579
341 616
249 488
297 556
130 433
204 390
59 440
15 415
42 492
55 554
96 538
149 515
128 605
112 689
165 604
220 552
217 617
280 663
344 695
398 653
415 725
374 773
412 789
396 852
381 954
346 1034
378 1085
325 1111
247 1095
291 1074
253 1032
204 1052
175 1004
207 953
292 953
320 878
246 865
175 900
152 846
202 794
204 710
292 763