40 47
67 12
99 53
175 41
267 32
330 13
92 110
160 109
142 169
80 212
123 247
170 217
206 247
186 315
342 85
417 23
493 59
559 121
431 106
498 142
609 138
651 198
594 54
642 7
697 275
645 254
626 213
523 228
418 195
415 255
361 229
327 179
298 122
267 191
243 161
265 248
280 243
309 280
345 320
393 370
459 371
441 318
505 310
573 291
700 328
732 316
724 378
680 438
728 470
653 347
632 300
604 337
580 399
542 461
465 445
383 445
296 372
289 448
281 319
253 350
215 357
183 392
127 430
195 459
160 490
213 525
166 569
238 586
203 612
268 659
324 519
378 549
456 515
537 502
616 472
643 564
589 591
506 608
493 550
432 607
356 612
337 689
391 671
451 677
527 687
583 662
570 641
635 724
611 665
539 765
467 776
495 823
414 831
420 920
500 939
607 916
661 857
626 954
601 974
529 1003
448 988
248 296
652 510
633 622
389 739
422 785