41 179
43 201
39 227
10 228
43 244
65 223
87 238
73 266
55 266
63 291
85 306
110 310
78 324
90 350
87 380
122 350
124 327
116 281
105 256
118 240
114 206
79 204
70 186
62 158
68 139
80 159
96 179
109 160
192 75
145 103
115 97
27 107
96 129
125 147
123 180
145 178
154 137
174 170
190 146
174 115
193 127
187 104
146 66
166 66
172 17
194 54
221 37
223 54
207 83
224 95
208 108
208 159
193 176
168 196
187 212
204 219
193 240
207 239
166 226
136 223
152 254
146 282
133 295
187 287
205 309
196 324
162 313
164 355
118 380
129 264